\begin{table}[t]
\centering
\small
\caption{Post-hoc Nemenyi test p-values (pairwise).}
\begin{tabular}{lccccccc} \toprule
Model & ePL & ePL\_plus & exTS & Simpl\_eTS & eMG & ENF\_Unim\_Safe & ENF\_Unim\_PA \\ \midrule
ePL & 1.0000 & 0.9999 & 1.0000 & 0.5128 & 0.9444 & 0.8886 & 0.9772 \\\\
ePL\_plus & 0.9999 & 1.0000 & 0.9999 & 0.7423 & 0.8081 & 0.9772 & 0.9986 \\\\
exTS & 1.0000 & 0.9999 & 1.0000 & 0.5128 & 0.9444 & 0.8886 & 0.9772 \\\\
Simpl\_eTS & 0.5128 & 0.7423 & 0.5128 & 1.0000 & 0.0585 & 0.9956 & 0.9577 \\\\
eMG & 0.9444 & 0.8081 & 0.9444 & 0.0585 & 1.0000 & 0.2654 & 0.4739 \\\\
ENF\_Unim\_Safe & 0.8886 & 0.9772 & 0.8886 & 0.9956 & 0.2654 & 1.0000 & 0.9999 \\\\
ENF\_Unim\_PA & 0.9772 & 0.9986 & 0.9772 & 0.9577 & 0.4739 & 0.9999 & 1.0000 \\\\
\bottomrule
\end{tabular}
\end{table}